==================== all ====================
MAE: 9.25, MSE: 16.49  WRAE: 12.12 WIAE: 1.96 WOAE: 2.04
==================== in ====================
MAE: 8.20, MSE: 12.76  WRAE: 15.57 WIAE: 1.73 WOAE: 1.84
==================== out ====================
MAE: 9.58, MSE: 17.48  WRAE: 11.07 WIAE: 2.02 WOAE: 2.10
==================== day ====================
MAE: 9.20, MSE: 16.24  WRAE: 12.30 WIAE: 2.00 WOAE: 1.97
==================== night ====================
MAE: 9.42, MSE: 17.32  WRAE: 11.51 WIAE: 1.79 WOAE: 2.28
==================== scenic0 ====================
MAE: 6.90, MSE: 10.58  WRAE: 9.91 WIAE: 1.74 WOAE: 1.78
==================== scenic1 ====================
MAE: 8.27, MSE: 13.35  WRAE: 14.92 WIAE: 1.65 WOAE: 1.78
==================== scenic2 ====================
MAE: 11.64, MSE: 19.51  WRAE: 13.65 WIAE: 2.08 WOAE: 2.87
==================== scenic3 ====================
MAE: 27.06, MSE: 34.43  WRAE: 21.52 WIAE: 4.19 WOAE: 4.04
==================== scenic4 ====================
MAE: 7.26, MSE: 10.10  WRAE: 10.36 WIAE: 1.58 WOAE: 1.57
==================== scenic5 ====================
MAE: 20.72, MSE: 38.15  WRAE: 18.27 WIAE: 3.96 WOAE: 3.88
==================== density0 ====================
MAE: 4.85, MSE: 6.73  WRAE: 14.83 WIAE: 1.22 WOAE: 1.22
==================== density1 ====================
MAE: 7.34, MSE: 9.95  WRAE: 9.95 WIAE: 1.69 WOAE: 1.71
==================== density2 ====================
MAE: 13.88, MSE: 19.74  WRAE: 10.27 WIAE: 2.70 WOAE: 2.83
==================== density3 ====================
MAE: 30.56, MSE: 37.34  WRAE: 13.19 WIAE: 5.68 WOAE: 5.66
==================== density4 ====================
MAE: 42.27, MSE: 54.40  WRAE: 12.66 WIAE: 6.04 WOAE: 7.21
tensor([[ 99.7259,  93.0000],
        [163.6435, 259.0000],
        [ 30.4464,  37.0000],
        [ 77.0722,  87.0000],
        [ 43.4701,  43.0000],
        [ 65.2435,  65.0000],
        [ 77.8380,  77.0000],
        [203.3783, 227.0000],
        [ 53.1309,  50.0000],
        [ 46.5911,  44.0000],
        [209.7904, 284.0000],
        [ 74.7084,  77.0000],
        [193.0997, 232.0000],
        [ 11.8802,  12.0000],
        [ 43.9865,  39.0000],
        [ 77.9942,  81.0000],
        [ 16.7776,  22.0000],
        [ 63.8611,  76.0000],
        [ 84.1433,  81.0000],
        [102.7805, 100.0000],
        [138.9950, 127.0000],
        [ 44.4028,  40.0000],
        [ 50.3367,  43.0000],
        [ 53.3749,  50.0000],
        [ 57.7645,  53.0000],
        [ 23.7384,  22.0000],
        [ 79.9485,  69.0000],
        [ 92.6175,  89.0000],
        [135.3222, 115.0000],
        [291.7538, 306.0000],
        [ 49.9952,  45.0000],
        [ 48.1546,  62.0000],
        [ 81.6827,  71.0000],
        [ 67.1694,  71.0000],
        [ 59.3679,  54.0000],
        [ 63.9302,  55.0000],
        [ 38.5606,  35.0000],
        [ 28.5645,  30.0000],
        [ 39.9124,  41.0000],
        [ 88.9659,  78.0000],
        [ 27.3748,  31.0000],
        [167.0982, 164.0000],
        [136.0035, 160.0000],
        [ 31.2602,  35.0000],
        [ 29.3870,  26.0000],
        [ 82.3313,  86.0000],
        [173.9641, 180.0000],
        [134.0211, 191.0000],
        [197.1931, 171.0000],
        [ 86.1790,  75.0000],
        [ 96.9443, 103.0000],
        [ 36.7025,  34.0000],
        [115.5406, 104.0000],
        [ 91.8909,  97.0000],
        [ 81.5787,  70.0000],
        [ 58.5697,  61.0000],
        [255.9176, 237.0000],
        [ 58.7600,  60.0000],
        [ 68.5824,  71.0000],
        [ 71.1443,  71.0000],
        [ 56.0220,  47.0000],
        [100.2220, 100.0000],
        [ 63.0668,  49.0000],
        [ 39.5024,  29.0000],
        [ 43.2210,  33.0000],
        [ 37.6820,  35.0000],
        [ 93.9962,  98.0000],
        [125.0891, 135.0000],
        [ 32.5091,  30.0000],
        [ 34.7423,  37.0000],
        [108.8535, 101.0000],
        [165.8066, 232.0000],
        [ 77.8017,  69.0000],
        [ 23.4632,  28.0000],
        [ 50.8822,  45.0000],
        [ 28.7967,  37.0000],
        [ 57.6957,  54.0000],
        [ 21.3961,  23.0000],
        [ 37.0185,  34.0000],
        [ 43.3338,  57.0000],
        [ 29.9965,  16.0000],
        [ 80.3162,  77.0000],
        [ 28.5689,  29.0000],
        [131.3958, 134.0000],
        [ 80.9062,  88.0000],
        [ 73.4431,  67.0000],
        [125.8018, 130.0000],
        [ 90.0814,  62.0000],
        [315.2459, 329.0000],
        [ 33.4925,  35.0000],
        [ 52.1893,  47.0000],
        [ 63.3433,  52.0000],
        [ 60.3297,  52.0000],
        [ 47.2635,  46.0000],
        [ 71.6607,  64.0000],
        [137.5078, 169.0000],
        [ 63.1757,  64.0000],
        [234.9921, 250.0000],
        [210.1852, 233.0000],
        [ 10.9246,  11.0000],
        [ 90.3720,  97.0000],
        [101.0831,  96.0000],
        [ 36.5672,  31.0000],
        [281.9671, 316.0000],
        [ 78.0259,  81.0000],
        [ 41.2169,  41.0000],
        [ 58.0100,  57.0000],
        [100.0070, 108.0000],
        [210.2977, 190.0000],
        [ 98.7115,  83.0000],
        [ 54.0907,  48.0000],
        [ 78.2434,  74.0000],
        [ 52.7266,  70.0000],
        [166.5038, 175.0000],
        [ 59.5864,  63.0000],
        [108.3322,  97.0000],
        [ 60.4225,  61.0000],
        [ 45.1515,  23.0000],
        [ 74.8849,  69.0000],
        [ 41.8257,  22.0000],
        [ 55.9844,  57.0000],
        [ 71.5183,  69.0000],
        [ 52.1545,  53.0000],
        [ 51.7388,  44.0000],
        [ 24.2583,  22.0000],
        [ 81.3363,  76.0000],
        [ 81.5449,  76.0000],
        [ 26.0569,  26.0000],
        [118.4394, 116.0000],
        [ 77.7160,  73.0000],
        [ 74.0580,  68.0000],
        [ 95.4073, 152.0000],
        [ 52.8417,  56.0000],
        [ 60.8074,  62.0000],
        [ 70.9844,  75.0000],
        [ 47.8950,  50.0000],
        [186.7461, 230.0000],
        [ 73.9717,  73.0000],
        [ 52.9440,  37.0000],
        [100.9065,  71.0000],
        [ 95.4163,  86.0000],
        [ 89.5506,  80.0000],
        [ 83.3254,  75.0000],
        [ 67.2834,  77.0000],
        [ 58.6320,  53.0000],
        [141.4960, 142.0000],
        [136.7202, 164.0000],
        [ 74.2829,  74.0000],
        [ 68.9981,  67.0000],
        [118.6476, 108.0000],
        [ 56.7508,  58.0000],
        [190.9325, 202.0000],
        [ 26.8412,  23.0000],
        [109.6184,  97.0000],
        [ 70.0027,  62.0000],
        [ 24.8305,  24.0000],
        [ 52.1017,  59.0000],
        [ 58.0630,  52.0000],
        [ 47.3963,  43.0000],
        [102.4610,  98.0000],
        [ 47.6755,  43.0000],
        [ 61.9731,  84.0000],
        [196.2509, 179.0000],
        [ 85.9331,  73.0000],
        [ 27.3592,  25.0000],
        [ 19.3994,  26.0000],
        [ 70.5067,  55.0000],
        [102.9210, 102.0000],
        [ 41.0630,  51.0000],
        [ 22.4326,  21.0000],
        [ 48.1733,  57.0000],
        [ 43.7849,  22.0000],
        [ 28.2564,  26.0000],
        [ 36.2849,  37.0000],
        [ 45.4015,  46.0000],
        [ 43.5873,  45.0000],
        [131.4642, 131.0000],
        [165.4447, 142.0000],
        [ 32.7141,  29.0000],
        [ 78.0398,  66.0000],
        [ 46.8870,  69.0000],
        [ 51.4091,  44.0000],
        [ 27.5016,  22.0000],
        [ 20.7424,  23.0000],
        [ 37.6916,  36.0000],
        [ 61.4304,  58.0000],
        [ 17.1451,  19.0000],
        [ 65.2411,  75.0000],
        [139.3689, 124.0000],
        [179.8717, 184.0000],
        [ 38.8231,  38.0000],
        [ 88.0474,  92.0000],
        [120.9171, 105.0000],
        [ 67.6169,  64.0000],
        [317.4593, 312.0000],
        [ 33.3673,  32.0000],
        [ 73.5469,  67.0000],
        [ 92.3983,  76.0000],
        [ 66.8206,  67.0000],
        [123.4253, 120.0000],
        [ 56.0000,  50.0000],
        [ 15.3477,  19.0000],
        [ 97.3300,  87.0000],
        [135.9773, 142.0000],
        [ 56.3409,  54.0000],
        [ 90.0037,  89.0000],
        [ 16.7410,  18.0000],
        [ 47.7159,  37.0000],
        [137.8726, 146.0000],
        [ 31.8011,  30.0000],
        [108.3772, 108.0000],
        [ 89.6676,  93.0000],
        [ 44.3356,  50.0000],
        [ 52.1315,  41.0000],
        [336.4191, 390.0000],
        [ 15.3087,  13.0000],
        [ 94.6276,  91.0000],
        [130.5940, 122.0000],
        [ 36.1253,  36.0000],
        [ 27.5109,  26.0000],
        [ 53.1049,  52.0000],
        [ 20.7206,  18.0000],
        [ 22.5408,  18.0000],
        [ 36.5253,  33.0000],
        [ 82.6861,  77.0000],
        [127.9716, 129.0000],
        [ 50.4451,  46.0000],
        [ 64.3359,  67.0000],
        [ 61.8138,  69.0000],
        [ 28.1833,  27.0000],
        [147.9013, 137.0000],
        [ 42.4022,  42.0000],
        [ 33.8018,  35.0000],
        [ 98.2597,  98.0000],
        [ 72.7949,  77.0000],
        [ 61.0598,  68.0000],
        [ 23.1105,  25.0000],
        [142.7671, 255.0000],
        [150.8877, 112.0000],
        [ 63.7628,  61.0000],
        [ 27.9002,  43.0000],
        [128.6940, 110.0000],
        [ 81.0608,  84.0000],
        [ 51.5697,  50.0000],
        [ 98.9345,  81.0000],
        [106.1675,  87.0000],
        [ 61.0687,  61.0000],
        [ 40.9436,  45.0000],
        [ 67.8050,  63.0000],
        [ 58.1936,  54.0000],
        [ 28.1153,  25.0000],
        [ 53.0228,  49.0000],
        [ 51.5413,  79.0000],
        [ 39.1314,  51.0000]])


#===============================================
Sense_sample from density: [329.2447090148926, 255.91525268554688, 93.05430698394775, 181.0734748840332, 120.83247756958008, 155.84905624389648, 195.4491672515869, 653.9289779663086, 149.2770538330078, 156.04193115234375, 670.7795028686523, 155.37398147583008, 720.8888778686523, 29.27963948249817, 128.32279682159424, 223.1608009338379, 49.02521753311157, 170.41716957092285, 210.95069313049316, 338.8018112182617, 408.48405838012695, 169.83823585510254, 167.70843315124512, 151.7740135192871, 181.3070182800293, 65.80084419250488, 302.44388580322266, 260.9303913116455, 356.26223373413086, 846.9485702514648, 148.07650184631348, 113.18601036071777, 247.44953536987305, 172.56501007080078, 165.59934043884277, 232.7839183807373, 94.14818000793457, 55.68123757839203, 98.98388481140137, 312.15608978271484, 92.70579719543457, 514.4846267700195, 350.59794998168945, 97.92344951629639, 94.06393814086914, 191.66877365112305, 501.09375, 189.15494537353516, 730.560432434082, 239.3647975921631, 331.0234489440918, 80.55887508392334, 425.6973114013672, 277.1560592651367, 255.08352661132812, 131.31836223602295, 679.5399894714355, 129.62917518615723, 162.8681755065918, 173.73694610595703, 213.2879123687744, 272.8165111541748, 185.6861457824707, 80.80370712280273, 113.78744506835938, 103.60079193115234, 477.38951110839844, 503.0850372314453, 99.07415103912354, 66.00294637680054, 336.2936019897461, 746.2285537719727, 227.6953010559082, 81.15500736236572, 168.15549087524414, 73.67917156219482, 141.3722915649414, 56.25684928894043, 83.25054836273193, 124.44530868530273, 56.90091943740845, 229.95313453674316, 75.79217433929443, 568.3032836914062, 216.9452075958252, 170.07469177246094, 398.87407302856445, 278.6100959777832, 867.331657409668, 70.17723059654236, 177.72316932678223, 207.89899063110352, 132.17094326019287, 107.2018871307373, 163.44209480285645, 230.53589344024658, 187.07168579101562, 1032.2536315917969, 603.0247344970703, 21.711125373840332, 236.53734588623047, 253.3560676574707, 50.891855239868164, 948.010612487793, 246.92536735534668, 147.6364974975586, 154.90376472473145, 278.6030578613281, 765.3510665893555, 329.2731742858887, 159.07469940185547, 226.9019012451172, 174.57555389404297, 615.8282318115234, 133.86121559143066, 390.96221923828125, 210.80270957946777, 161.64145278930664, 213.0253620147705, 137.8933277130127, 159.13882446289062, 200.70980644226074, 196.69668579101562, 133.99272537231445, 58.485106468200684, 255.4698028564453, 208.08446502685547, 98.5499439239502, 517.9687957763672, 247.07362747192383, 257.3138904571533, 328.66653060913086, 131.32260990142822, 147.67138290405273, 201.82437896728516, 109.86320495605469, 497.5025291442871, 272.55457305908203, 187.750581741333, 289.36083602905273, 283.34507751464844, 244.40475845336914, 218.27612113952637, 187.4944190979004, 191.84341049194336, 433.79409408569336, 605.7817764282227, 288.9931945800781, 175.87884902954102, 429.34496307373047, 152.4539279937744, 537.7921295166016, 72.17854595184326, 356.5210952758789, 294.6801452636719, 69.58928871154785, 125.55422878265381, 206.23386573791504, 115.0451831817627, 344.48927307128906, 131.23259830474854, 235.55986404418945, 806.1847839355469, 236.1481819152832, 63.441771030426025, 38.93693161010742, 163.9031753540039, 293.6746711730957, 124.82248306274414, 79.10861206054688, 162.12722206115723, 146.83791160583496, 101.46988868713379, 90.99212265014648, 111.31876850128174, 108.62157249450684, 377.6471252441406, 477.4294662475586, 59.906328201293945, 230.98709869384766, 203.3636474609375, 151.50853729248047, 68.91777563095093, 74.24030208587646, 124.32095241546631, 196.9592399597168, 37.91118109226227, 161.32350730895996, 409.08020401000977, 763.3636322021484, 72.0870418548584, 415.8499641418457, 276.55988121032715, 218.30863189697266, 829.9740219116211, 112.68836975097656, 251.23281288146973, 246.98335456848145, 200.48199081420898, 343.2992248535156, 155.83619689941406, 31.409766912460327, 277.8610610961914, 419.78992080688477, 129.00805854797363, 229.75195693969727, 44.17517852783203, 154.20663452148438, 410.2150230407715, 90.44812870025635, 307.92285537719727, 328.01897048950195, 83.45688247680664, 130.54365348815918, 1390.4736328125, 25.418426990509033, 359.72925186157227, 509.7667236328125, 143.6260929107666, 83.39159393310547, 144.45436096191406, 61.738046646118164, 71.6042218208313, 77.98232460021973, 200.9752597808838, 444.5205383300781, 167.1799201965332, 194.12027168273926, 165.4094409942627, 78.90681266784668, 406.80435943603516, 102.1224946975708, 103.30379104614258, 307.5182113647461, 146.7274990081787, 137.6467113494873, 68.7066559791565, 413.1406440734863, 506.50048065185547, 173.0795955657959, 101.74421977996826, 388.3800277709961, 162.97664642333984, 128.6250820159912, 239.17142868041992, 287.6471939086914, 214.09355354309082, 120.22795104980469, 190.93337440490723, 177.59774017333984, 81.95251178741455, 109.90049076080322, 191.6724510192871, 134.4361686706543]
